bin	frequency_per_min	period_min	magnitude
0	0.000000	∞	94434.39
1	0.092997	10.7530	11910.46
2	0.185994	5.3765	8575.16
3	0.278991	3.5843	4681.93
4	0.371988	2.6883	8087.43
5	0.464986	2.1506	6434.64
6	0.557983	1.7922	1821.43
7	0.650980	1.5361	232.47
8	0.743977	1.3441	5395.64
9	0.836974	1.1948	2242.89
10	0.929971	1.0753	2882.03
11	1.022968	0.9775	6485.28
12	1.115965	0.8961	3516.45
13	1.208962	0.8272	1219.64
14	1.301960	0.7681	4619.90
15	1.394957	0.7169	1302.45
16	1.487954	0.6721	3629.36
17	1.580951	0.6325	2288.80
18	1.673948	0.5974	1478.10
19	1.766945	0.5659	2173.97
20	1.859942	0.5377	2387.28
21	1.952939	0.5120	591.10
22	2.045937	0.4888	2776.43
23	2.138934	0.4675	981.05
24	2.231931	0.4480	1611.64
25	2.324928	0.4301	2025.79
26	2.417925	0.4136	1821.29
27	2.510922	0.3983	2081.24
28	2.603919	0.3840	2053.66
29	2.696916	0.3708	2566.93
30	2.789913	0.3584	2349.11
31	2.882911	0.3469	5246.37
32	2.975908	0.3360	522.06
33	3.068905	0.3258	2053.02
34	3.161902	0.3163	1120.65
35	3.254899	0.3072	2894.41
36	3.347896	0.2987	2839.07
37	3.440893	0.2906	2555.89
38	3.533890	0.2830	3567.17
39	3.626887	0.2757	1103.61
40	3.719885	0.2688	3902.73
41	3.812882	0.2623	2384.20
42	3.905879	0.2560	1317.86
43	3.998876	0.2501	876.52
44	4.091873	0.2444	1693.49
45	4.184870	0.2390	1125.93
46	4.277867	0.2338	845.99
47	4.370864	0.2288	1292.29
48	4.463862	0.2240	1269.96
49	4.556859	0.2194	349.21
50	4.649856	0.2151	1170.14
51	4.742853	0.2108	1725.43
52	4.835850	0.2068	1885.11
53	4.928847	0.2029	1009.07
54	5.021844	0.1991	2349.36
55	5.114841	0.1955	1038.39
56	5.207838	0.1920	2083.43
57	5.300836	0.1886	2067.30
58	5.393833	0.1854	2528.91
59	5.486830	0.1823	626.27
60	5.579827	0.1792	1703.47
61	5.672824	0.1763	2528.90
62	5.765821	0.1734	1706.15
63	5.858818	0.1707	1783.98
64	5.951815	0.1680	2169.34
65	6.044812	0.1654	1835.64
66	6.137810	0.1629	734.05
67	6.230807	0.1605	999.45
68	6.323804	0.1581	1022.67
69	6.416801	0.1558	938.78
70	6.509798	0.1536	2065.40
71	6.602795	0.1515	920.26
72	6.695792	0.1493	3630.56
73	6.788789	0.1473	1844.34
74	6.881787	0.1453	3192.96
75	6.974784	0.1434	1644.56
76	7.067781	0.1415	3545.76
77	7.160778	0.1396	414.97
78	7.253775	0.1379	1521.37
79	7.346772	0.1361	1581.68
80	7.439769	0.1344	602.56
81	7.532766	0.1328	2483.04
82	7.625763	0.1311	504.05
83	7.718761	0.1296	2503.80
84	7.811758	0.1280	875.01
85	7.904755	0.1265	3097.20
86	7.997752	0.1250	3607.74
87	8.090749	0.1236	2166.72
88	8.183746	0.1222	969.24
89	8.276743	0.1208	380.27
90	8.369740	0.1195	1546.18
91	8.462737	0.1182	1274.35
92	8.555735	0.1169	819.23
93	8.648732	0.1156	1133.33
94	8.741729	0.1144	2361.75
95	8.834726	0.1132	1000.68
96	8.927723	0.1120	2742.01
97	9.020720	0.1109	384.25
98	9.113717	0.1097	3319.44
99	9.206714	0.1086	1827.72
100	9.299712	0.1075	2370.75
101	9.392709	0.1065	1466.21
102	9.485706	0.1054	1594.72
103	9.578703	0.1044	788.49
104	9.671700	0.1034	414.98
105	9.764697	0.1024	2706.24
106	9.857694	0.1014	1405.38
107	9.950691	0.1005	1175.17
108	10.043688	0.0996	2534.52
109	10.136686	0.0987	979.93
110	10.229683	0.0978	2778.04
111	10.322680	0.0969	319.65
112	10.415677	0.0960	3047.65
113	10.508674	0.0952	998.93
114	10.601671	0.0943	1004.66
115	10.694668	0.0935	2304.71
116	10.787665	0.0927	371.68
117	10.880662	0.0919	194.37
118	10.973660	0.0911	2671.65
119	11.066657	0.0904	1283.79
120	11.159654	0.0896	1783.14
121	11.252651	0.0889	574.56
122	11.345648	0.0881	1315.64
123	11.438645	0.0874	1054.70
124	11.531642	0.0867	769.69
125	11.624639	0.0860	1169.73
126	11.717637	0.0853	965.66
127	11.810634	0.0847	1010.45
128	11.903631	0.0840	2475.55
129	11.996628	0.0834	1745.94
130	12.089625	0.0827	1312.87
131	12.182622	0.0821	1333.73
132	12.275619	0.0815	757.41
133	12.368616	0.0808	1257.97
134	12.461613	0.0802	1221.45
135	12.554611	0.0797	897.55
136	12.647608	0.0791	1250.00
137	12.740605	0.0785	1458.68
138	12.833602	0.0779	704.90
139	12.926599	0.0774	1910.35
140	13.019596	0.0768	653.32
141	13.112593	0.0763	545.79
142	13.205590	0.0757	923.30
143	13.298587	0.0752	607.19
144	13.391585	0.0747	1270.38
145	13.484582	0.0742	2063.34
146	13.577579	0.0737	1281.08
147	13.670576	0.0731	2156.74
148	13.763573	0.0727	1110.22
149	13.856570	0.0722	1910.85
150	13.949567	0.0717	305.01
151	14.042564	0.0712	1028.57
152	14.135561	0.0707	923.93
153	14.228559	0.0703	1005.26
154	14.321556	0.0698	2277.07
155	14.414553	0.0694	1930.03
156	14.507550	0.0689	1153.50
157	14.600547	0.0685	1552.09
158	14.693544	0.0681	1066.58
159	14.786541	0.0676	1176.33
160	14.879538	0.0672	1103.26
161	14.972536	0.0668	1120.39
162	15.065533	0.0664	1466.38
163	15.158530	0.0660	1044.76
164	15.251527	0.0656	645.09
165	15.344524	0.0652	2423.28
166	15.437521	0.0648	784.79
167	15.530518	0.0644	1011.36
168	15.623515	0.0640	2129.86
169	15.716512	0.0636	1963.27
170	15.809510	0.0633	763.48
171	15.902507	0.0629	211.10
172	15.995504	0.0625	1398.80
173	16.088501	0.0622	420.90
174	16.181498	0.0618	873.83
175	16.274495	0.0614	1839.75
176	16.367492	0.0611	1384.44
177	16.460489	0.0608	1951.20
178	16.553486	0.0604	1343.03
179	16.646484	0.0601	1602.76
180	16.739481	0.0597	2211.73
181	16.832478	0.0594	495.37
182	16.925475	0.0591	1156.13
183	17.018472	0.0588	834.93
184	17.111469	0.0584	847.12
185	17.204466	0.0581	1311.87
186	17.297463	0.0578	1087.29
187	17.390461	0.0575	2047.68
188	17.483458	0.0572	1098.17
189	17.576455	0.0569	771.46
190	17.669452	0.0566	719.04
191	17.762449	0.0563	837.46
192	17.855446	0.0560	458.23
193	17.948443	0.0557	1437.57
194	18.041440	0.0554	505.24
195	18.134437	0.0551	2153.18
196	18.227435	0.0549	912.09
197	18.320432	0.0546	2163.16
198	18.413429	0.0543	862.24
199	18.506426	0.0540	2371.93
200	18.599423	0.0538	1329.14
201	18.692420	0.0535	1717.98
202	18.785417	0.0532	1597.99
203	18.878414	0.0530	1057.51
204	18.971411	0.0527	503.39
205	19.064409	0.0525	1585.72
206	19.157406	0.0522	2329.50
207	19.250403	0.0519	1221.15
208	19.343400	0.0517	1623.39
209	19.436397	0.0514	1635.16
210	19.529394	0.0512	1428.83
211	19.622391	0.0510	1718.46
212	19.715388	0.0507	911.56
213	19.808386	0.0505	732.69
214	19.901383	0.0502	1884.39
215	19.994380	0.0500	1702.74
216	20.087377	0.0498	2002.62
217	20.180374	0.0496	2288.92
218	20.273371	0.0493	1150.70
219	20.366368	0.0491	1445.95
220	20.459365	0.0489	1901.78
221	20.552362	0.0487	350.60
222	20.645360	0.0484	3114.19
223	20.738357	0.0482	1681.35
224	20.831354	0.0480	1503.77
225	20.924351	0.0478	1465.47
226	21.017348	0.0476	610.24
227	21.110345	0.0474	416.77
228	21.203342	0.0472	1850.17
229	21.296339	0.0470	333.88
230	21.389336	0.0468	1770.86
231	21.482334	0.0465	688.19
232	21.575331	0.0463	294.29
233	21.668328	0.0462	1297.73
234	21.761325	0.0460	191.50
235	21.854322	0.0458	1666.07
236	21.947319	0.0456	1295.96
237	22.040316	0.0454	1740.99
238	22.133313	0.0452	566.73
239	22.226311	0.0450	543.36
240	22.319308	0.0448	2041.71
241	22.412305	0.0446	2084.20
242	22.505302	0.0444	2051.26
243	22.598299	0.0443	1275.27
244	22.691296	0.0441	2522.37
245	22.784293	0.0439	1450.98
246	22.877290	0.0437	2993.41
247	22.970287	0.0435	687.07
248	23.063285	0.0434	791.71
249	23.156282	0.0432	483.57
250	23.249279	0.0430	1480.87
251	23.342276	0.0428	94.39
252	23.435273	0.0427	1481.56
253	23.528270	0.0425	2030.25
254	23.621267	0.0423	793.76
255	23.714264	0.0422	1217.62
256	23.807261	0.0420	648.75
257	23.900259	0.0418	685.77
258	23.993256	0.0417	1344.29
259	24.086253	0.0415	1596.43
260	24.179250	0.0414	1057.20
261	24.272247	0.0412	887.84
262	24.365244	0.0410	453.36
263	24.458241	0.0409	675.89
264	24.551238	0.0407	645.38
265	24.644236	0.0406	1259.91
266	24.737233	0.0404	660.76
267	24.830230	0.0403	910.60
268	24.923227	0.0401	886.90
269	25.016224	0.0400	1700.12
270	25.109221	0.0398	1150.09
271	25.202218	0.0397	1400.76
272	25.295215	0.0395	262.79
273	25.388212	0.0394	2236.65
274	25.481210	0.0392	923.45
275	25.574207	0.0391	1025.34
276	25.667204	0.0390	1666.34
277	25.760201	0.0388	620.01
278	25.853198	0.0387	1723.17
279	25.946195	0.0385	791.78
280	26.039192	0.0384	830.87
281	26.132189	0.0383	487.66
282	26.225186	0.0381	1254.33
283	26.318184	0.0380	828.60
284	26.411181	0.0379	1646.87
285	26.504178	0.0377	1534.37
286	26.597175	0.0376	1780.87
287	26.690172	0.0375	1494.58
288	26.783169	0.0373	685.72
289	26.876166	0.0372	399.36
290	26.969163	0.0371	926.78
291	27.062160	0.0370	1898.89
292	27.155158	0.0368	1171.16
293	27.248155	0.0367	891.15
294	27.341152	0.0366	152.84
295	27.434149	0.0365	764.53
296	27.527146	0.0363	486.09
297	27.620143	0.0362	371.28
298	27.713140	0.0361	1715.13
299	27.806137	0.0360	1921.83
300	27.899135	0.0358	821.77
301	27.992132	0.0357	412.30
302	28.085129	0.0356	2133.35
303	28.178126	0.0355	99.65
304	28.271123	0.0354	1936.73
305	28.364120	0.0353	884.77
306	28.457117	0.0351	1422.97
307	28.550114	0.0350	1004.12
308	28.643111	0.0349	819.84
309	28.736109	0.0348	559.13
310	28.829106	0.0347	794.64
311	28.922103	0.0346	662.39
312	29.015100	0.0345	2009.54
313	29.108097	0.0344	2367.72
314	29.201094	0.0342	968.66
315	29.294091	0.0341	3124.80
316	29.387088	0.0340	1161.63
317	29.480085	0.0339	1959.86
318	29.573083	0.0338	1883.01
319	29.666080	0.0337	1569.06
320	29.759077	0.0336	1731.87
321	29.852074	0.0335	612.60
322	29.945071	0.0334	1177.05
323	30.038068	0.0333	1202.40
324	30.131065	0.0332	997.43
325	30.224062	0.0331	1487.72
326	30.317060	0.0330	1898.35
327	30.410057	0.0329	1277.20
328	30.503054	0.0328	1072.31
329	30.596051	0.0327	801.23
330	30.689048	0.0326	1301.73
331	30.782045	0.0325	354.14
332	30.875042	0.0324	1437.67
333	30.968039	0.0323	305.83
334	31.061036	0.0322	243.48
335	31.154034	0.0321	1142.07
336	31.247031	0.0320	446.43
337	31.340028	0.0319	642.41
338	31.433025	0.0318	710.05
339	31.526022	0.0317	748.09
340	31.619019	0.0316	910.04
341	31.712016	0.0315	1316.98
342	31.805013	0.0314	1150.92
343	31.898010	0.0313	1652.72
344	31.991008	0.0313	1229.97
345	32.084005	0.0312	1806.86
346	32.177002	0.0311	1923.47
347	32.269999	0.0310	2850.98
348	32.362996	0.0309	599.39
349	32.455993	0.0308	989.27
350	32.548990	0.0307	1751.23
351	32.641987	0.0306	1175.13
352	32.734985	0.0305	1716.79
353	32.827982	0.0305	1753.56
354	32.920979	0.0304	660.73
355	33.013976	0.0303	246.99
356	33.106973	0.0302	1471.03
357	33.199970	0.0301	658.90
358	33.292967	0.0300	656.43
359	33.385964	0.0300	1061.28
360	33.478961	0.0299	567.63
361	33.571959	0.0298	1025.91
362	33.664956	0.0297	799.55
363	33.757953	0.0296	983.81
364	33.850950	0.0295	115.39
365	33.943947	0.0295	889.56
366	34.036944	0.0294	1180.23
367	34.129941	0.0293	1545.10
368	34.222938	0.0292	1114.74
369	34.315935	0.0291	1207.00
370	34.408933	0.0291	808.91
371	34.501930	0.0290	587.56
372	34.594927	0.0289	2328.91
373	34.687924	0.0288	886.76
374	34.780921	0.0288	1265.16
375	34.873918	0.0287	1138.07
376	34.966915	0.0286	2063.19
377	35.059912	0.0285	1096.55
378	35.152910	0.0284	1304.93
379	35.245907	0.0284	621.64
380	35.338904	0.0283	405.45
381	35.431901	0.0282	851.22
382	35.524898	0.0281	830.26
383	35.617895	0.0281	909.47
384	35.710892	0.0280	358.42
385	35.803889	0.0279	2179.13
386	35.896886	0.0279	884.27
387	35.989884	0.0278	1314.00
388	36.082881	0.0277	806.57
389	36.175878	0.0276	1153.77
390	36.268875	0.0276	536.03
391	36.361872	0.0275	496.71
392	36.454869	0.0274	1998.54
393	36.547866	0.0274	674.10
394	36.640863	0.0273	1698.32
395	36.733860	0.0272	1677.05
396	36.826858	0.0272	440.47
397	36.919855	0.0271	365.61
398	37.012852	0.0270	474.65
399	37.105849	0.0269	1388.65
400	37.198846	0.0269	1291.63
401	37.291843	0.0268	1180.35
402	37.384840	0.0267	2145.88
403	37.477837	0.0267	395.21
404	37.570835	0.0266	267.21
405	37.663832	0.0266	1034.93
406	37.756829	0.0265	3305.93
407	37.849826	0.0264	2242.96
408	37.942823	0.0264	2014.96
409	38.035820	0.0263	1717.79
410	38.128817	0.0262	586.47
411	38.221814	0.0262	769.27
412	38.314811	0.0261	833.86
413	38.407809	0.0260	459.31
414	38.500806	0.0260	980.99
415	38.593803	0.0259	898.56
416	38.686800	0.0258	2122.23
417	38.779797	0.0258	536.01
418	38.872794	0.0257	371.01
419	38.965791	0.0257	805.18
420	39.058788	0.0256	1783.36
421	39.151785	0.0255	2153.43
422	39.244783	0.0255	257.70
423	39.337780	0.0254	597.81
424	39.430777	0.0254	936.94
425	39.523774	0.0253	2414.76
426	39.616771	0.0252	1843.93
427	39.709768	0.0252	152.94
428	39.802765	0.0251	2568.70
429	39.895762	0.0251	2123.96
430	39.988759	0.0250	1778.33
431	40.081757	0.0249	1371.94
432	40.174754	0.0249	1569.15
433	40.267751	0.0248	1248.51
434	40.360748	0.0248	1120.89
435	40.453745	0.0247	1115.39
436	40.546742	0.0247	707.00
437	40.639739	0.0246	2310.64
438	40.732736	0.0246	990.60
439	40.825734	0.0245	1611.54
440	40.918731	0.0244	654.27
441	41.011728	0.0244	1612.90
442	41.104725	0.0243	296.63
443	41.197722	0.0243	210.76
444	41.290719	0.0242	846.18
445	41.383716	0.0242	1117.56
446	41.476713	0.0241	439.42
447	41.569710	0.0241	1492.82
448	41.662708	0.0240	1543.97
449	41.755705	0.0239	424.30
450	41.848702	0.0239	2905.16
451	41.941699	0.0238	2200.22
452	42.034696	0.0238	316.67
453	42.127693	0.0237	1566.49
454	42.220690	0.0237	903.26
455	42.313687	0.0236	1027.12
456	42.406684	0.0236	1389.86
457	42.499682	0.0235	663.10
458	42.592679	0.0235	1757.19
459	42.685676	0.0234	1579.68
460	42.778673	0.0234	1282.70
461	42.871670	0.0233	760.12
462	42.964667	0.0233	1434.46
463	43.057664	0.0232	1186.33
464	43.150661	0.0232	812.64
465	43.243659	0.0231	665.67
466	43.336656	0.0231	1923.03
467	43.429653	0.0230	1774.86
468	43.522650	0.0230	1559.57
469	43.615647	0.0229	1037.03
470	43.708644	0.0229	787.65
471	43.801641	0.0228	1901.20
472	43.894638	0.0228	1470.53
473	43.987635	0.0227	1093.19
474	44.080633	0.0227	1076.86
475	44.173630	0.0226	1078.78
476	44.266627	0.0226	933.72
477	44.359624	0.0225	1676.13
478	44.452621	0.0225	813.49
479	44.545618	0.0224	1308.43
480	44.638615	0.0224	956.43
481	44.731612	0.0224	678.56
482	44.824609	0.0223	793.26
483	44.917607	0.0223	946.86
484	45.010604	0.0222	1244.52
485	45.103601	0.0222	427.96
486	45.196598	0.0221	2355.85
487	45.289595	0.0221	937.58
488	45.382592	0.0220	925.17
489	45.475589	0.0220	2342.76
490	45.568586	0.0219	2616.87
491	45.661584	0.0219	637.74
492	45.754581	0.0219	338.06
493	45.847578	0.0218	944.56
494	45.940575	0.0218	100.24
495	46.033572	0.0217	1062.48
496	46.126569	0.0217	1873.25
497	46.219566	0.0216	1351.68
498	46.312563	0.0216	593.42
499	46.405560	0.0215	473.18
500	46.498558	0.0215	1305.12
501	46.591555	0.0215	585.34
502	46.684552	0.0214	678.31
503	46.777549	0.0214	502.70
504	46.870546	0.0213	1273.83
505	46.963543	0.0213	1083.28
506	47.056540	0.0213	664.04
507	47.149537	0.0212	845.59
508	47.242534	0.0212	2009.44
509	47.335532	0.0211	214.02
510	47.428529	0.0211	872.79
511	47.521526	0.0210	1255.63
512	47.614523	0.0210	406.66
513	47.707520	0.0210	1337.32
514	47.800517	0.0209	511.96
515	47.893514	0.0209	1484.60
516	47.986511	0.0208	1012.43
517	48.079509	0.0208	726.84
518	48.172506	0.0208	459.34
519	48.265503	0.0207	639.11
520	48.358500	0.0207	2084.83
521	48.451497	0.0206	2220.28
522	48.544494	0.0206	687.81
523	48.637491	0.0206	2620.30
524	48.730488	0.0205	1970.97
525	48.823485	0.0205	1360.72
526	48.916483	0.0204	2594.44
527	49.009480	0.0204	1287.86
528	49.102477	0.0204	1131.51
529	49.195474	0.0203	550.56
530	49.288471	0.0203	1083.76
531	49.381468	0.0203	1708.65
532	49.474465	0.0202	888.07
533	49.567462	0.0202	952.17
534	49.660459	0.0201	1475.44
535	49.753457	0.0201	1341.32
536	49.846454	0.0201	313.58
537	49.939451	0.0200	1289.75
538	50.032448	0.0200	1442.60
539	50.125445	0.0199	1408.24
540	50.218442	0.0199	1133.32
541	50.311439	0.0199	1524.48
542	50.404436	0.0198	1254.91
543	50.497434	0.0198	620.92
544	50.590431	0.0198	1398.03
545	50.683428	0.0197	1359.16
546	50.776425	0.0197	1295.26
547	50.869422	0.0197	652.39
548	50.962419	0.0196	1071.22
549	51.055416	0.0196	908.35
550	51.148413	0.0196	885.60
551	51.241410	0.0195	1161.78
552	51.334408	0.0195	313.70
553	51.427405	0.0194	1251.76
554	51.520402	0.0194	858.06
555	51.613399	0.0194	2299.32
556	51.706396	0.0193	2102.96
557	51.799393	0.0193	462.65
558	51.892390	0.0193	1807.16
559	51.985387	0.0192	608.17
560	52.078384	0.0192	1549.35
561	52.171382	0.0192	1008.00
562	52.264379	0.0191	1276.64
563	52.357376	0.0191	1383.44
564	52.450373	0.0191	857.19
565	52.543370	0.0190	401.65
566	52.636367	0.0190	1081.54
567	52.729364	0.0190	1703.19
568	52.822361	0.0189	1874.70
569	52.915359	0.0189	731.07
570	53.008356	0.0189	1080.32
571	53.101353	0.0188	213.77
572	53.194350	0.0188	2114.03
573	53.287347	0.0188	759.92
574	53.380344	0.0187	1088.18
575	53.473341	0.0187	2567.64
576	53.566338	0.0187	1017.78
577	53.659335	0.0186	1090.09
578	53.752333	0.0186	1434.35
579	53.845330	0.0186	1182.35
580	53.938327	0.0185	368.87
581	54.031324	0.0185	2190.93
582	54.124321	0.0185	545.05
583	54.217318	0.0184	1441.90
584	54.310315	0.0184	1440.94
585	54.403312	0.0184	1177.68
586	54.496309	0.0183	897.90
587	54.589307	0.0183	1547.25
588	54.682304	0.0183	2183.83
589	54.775301	0.0183	1536.84
590	54.868298	0.0182	1272.47
591	54.961295	0.0182	1385.56
592	55.054292	0.0182	393.04
593	55.147289	0.0181	1429.41
594	55.240286	0.0181	256.82
595	55.333283	0.0181	1157.77
596	55.426281	0.0180	1742.08
597	55.519278	0.0180	405.98
598	55.612275	0.0180	812.15
599	55.705272	0.0180	1766.14
600	55.798269	0.0179	800.67
601	55.891266	0.0179	3014.91
602	55.984263	0.0179	1457.03
603	56.077260	0.0178	438.69
604	56.170258	0.0178	791.09
605	56.263255	0.0178	951.89
606	56.356252	0.0177	569.01
607	56.449249	0.0177	315.39
608	56.542246	0.0177	1069.63
609	56.635243	0.0177	643.11
